gt_trans_L: [ 0.039474 ,-0.034314 ,-0.134198]

# I_T_L [ x: 0.807, y: 0.166, z: -90.703 ]
I_T_L: [  0.1073609,  0.9899136,  0.0924377, # P_IMU * R + T = LiDAR
                    -0.9828152,  0.0916274,  0.1602456,
                    0.1501595, -0.1080533,  0.9827393 ]

# gt_T_L [ x: 180.807, y: 0.166, z: -90.703 ]
gt_R_L: [  0.1073609,  0.9899136,  0.0924377, # P_IMU * R + T = LiDAR
                    -0.9828152,  0.0916274,  0.1602456,
                    0.1501595, -0.1080533,  0.9827393 ]
# gt_R_L: [ 1,0,0,
#           0,-1,0,
#           0,0,-1]

L_T_gt: [ -0.0122693, -0.9999205, -0.0028972, 0.00679684, 
        -0.9998251, 0.0123089, -0.0140843, 0.01542909, 
        0.0141188, 0.0027239, -0.9998966,0.95686191, 
        0, 0, 0, 1]


